Church 1
17,12
Shop 1
54,42
TreeSnowman 1
11,83
Log_Cabin 1
11,70
FenceH1 1
10,10
FenceV1 1
39,10
FenceV2 1
10,10
FenceH2 1
10,69
FenceV3 1
39,19
FenceV4 1
39,50
FenceH3 1
46,10
FenceH4 1
46,39
FenceV5 1
46,11
FenceV6 1
46,28
FenceV7 1
89,11
FenceH5 1
10,70
FenceH6 1
10,89
FenceV8 1
10,70
FenceV9 1
29,70
FenceV10 1
29,83
FenceV11 1
40,60
FenceV12 1
40,78
FenceV13 1
89,60
FenceH7 1
40,60
FenceH8 1
68,60
FenceH9 1
40,89
Pond 1
20,71
***
Forest 4
41,79 41,61 69,79 69,61
Tree 38
13,49 25,65 27,49 23,65 14,16 34,28 17,65 31,49 32,32 19,65 29,49 21,49 15,65 14,24 37,65 33,65 28,12 33,49 21,65 31,65 13,65 11,65 32,12 35,65 19,49 17,49 34,16 15,49 14,28 14,20 29,65 34,24 16,12 35,49 16,32 34,20 27,65 20,12
House4 1
76,40
Tomb 1
81,17
House2 2
12,51 26,51
Bulletin 1
46,46
Grave 18
47,35 59,12 75,12 47,12 55,35 51,35 51,12 67,12 79,12 63,35 75,35 55,12 59,35 63,12 71,12 71,35 67,35 79,35