Map03_1 1
0,50
Map03_2 1
50,50
Map03_3 1
50,0
Map03_4 1
0,0
Spike 315
51,49 88,34 64,47 73,51 43,55 77,51 86,34 55,35 77,81 61,58 58,46 77,63 87,85 80,57 85,57 79,84 82,88 54,43 44,61 76,51 77,84 63,35 74,63 79,63 49,54 49,39 74,51 62,52 50,54 49,60 53,37 61,40 50,49 42,55 45,64 64,37 66,40 89,88 40,59 87,83 84,85 78,63 43,50 77,78 45,62 62,64 77,80 43,49 88,57 53,49 77,85 52,64 60,40 56,64 49,49 65,66 63,47 82,57 49,42 68,43 67,62 86,57 80,88 52,43 75,81 61,53 53,50 61,55 64,38 68,65 54,64 66,52 67,38 66,43 52,40 87,84 86,88 59,37 61,47 45,66 73,63 43,48 53,51 49,63 84,57 43,61 49,61 52,34 49,41 64,43 85,34 43,47 67,36 54,49 76,73 55,64 43,45 49,38 53,54 56,49 82,34 70,51 49,40 59,65 71,63 61,54 76,88 83,57 61,48 52,32 87,82 86,86 76,81 77,76 59,63 59,64 62,43 74,83 77,87 87,34 75,87 59,62 89,89 65,40 53,52 40,56 67,43 52,41 52,44 61,35 58,43 64,62 86,85 82,83 65,52 53,43 61,42 67,33 52,42 85,85 58,37 61,49 83,85 43,54 79,86 87,88 42,61 60,62 49,43 81,57 75,51 53,40 66,48 49,44 43,53 77,88 59,66 74,81 57,40 66,49 74,84 43,51 61,36 66,51 59,43 52,45 54,37 57,49 58,32 64,40 43,52 78,51 79,51 66,50 82,84 75,63 58,44 67,34 56,40 64,36 62,35 64,35 89,85 65,43 55,40 52,37 51,64 60,43 67,32 58,34 52,54 54,40 63,43 76,63 66,62 77,77 59,40 45,63 40,57 63,62 41,61 65,64 74,82 76,75 70,63 61,57 81,34 87,57 49,47 41,55 43,40 61,62 43,46 67,37 49,48 57,46 81,88 40,60 60,49 65,62 71,51 75,88 77,86 58,45 76,74 56,46 50,37 72,63 53,64 59,49 40,55 67,35 61,41 80,34 79,87 88,88 51,37 49,59 62,63 82,85 43,44 56,37 77,79 58,49 63,52 77,75 89,57 69,65 43,43 45,65 67,39 58,40 49,37 62,47 52,49 78,81 40,58 55,36 72,51 49,45 78,84 65,47 49,46 86,87 88,85 49,62 50,64 61,37 40,61 67,40 55,49 61,52 49,64 60,37 65,65 57,37 53,53 61,56 79,81 64,39 84,34 45,61 61,43 43,41 51,54 76,72 79,85 55,37 62,62 83,34 52,33 58,33 89,34 66,47 43,42 80,45 81,45 82,45 83,45 84,45 85,45 86,45 87,45 88,45 89,45 70,39 71,39 72,39 73,39 74,39 75,39 76,39 77,39 78,39 79,39
Layer3 1
9,12
Layer6 1
39,12
Layer8 1
45,32
Layer9 1
19,30
Layer10 1
39,32
Layer11 1
89,32
Layer12 1
69,35
Layer15 1
19,42
Layer18 1
57,52
Layer23 1
19,77
Layer30 1
69,67
Layer34 1
89,82
Layer35 1
69,90
Sewer 2
33,83 22,83
Layer1 1
9,8
Layer2 1
17,12
Layer7 1
39,28
Layer17 1
9,57
Layer16 1
39,42
Layer19 1
45,58
Layer20 1
9,62
Layer21 1
9,71
Box 10
20,48 38,48 20,60 20,42 20,51 38,45 20,45 38,42 20,57 20,54
Chest1B 1
78,78
Chest1C 1
88,82
Chest2A 1
70,81
Chest2B 1
78,75
ChestLA 1
70,84
ChestRA 1
70,86
ChestHB 1
77,73
Hole1 1
62,53
Hole2 1
41,35
Layer33 1
79,73
***
Gate 1
28,76
Layer4 1
9,30
Layer5 1
17,22
Layer13 1
19,38
Layer14 1
31,38
Layer24 1
20,77
Layer25 1
31,77
Layer26 1
19,90
Layer22 1
9,77
Layer27 1
39,67
Layer28 1
41,67
Layer29 1
79,66
Layer31 1
70,68
Layer32 1
76,68
Chest 1
83,88
Chest1A 1
73,87
Chest2C 1
78,87
ChestLB 1
80,88
ChestRB 1
86,88
ChestHA 1
70,88
ChestHC 1
75,88
Stair 1
7,66