Portal 1
13,13
Executioner 1
24,17
Ghost 1
23,64
Soldier 4
87,51 35,61 25,61 83,51
MageSeeker 1
30,61
Knight 5
87,62 35,71 25,71 30,71 83,62
Tower 2
56,43 61,63
Soldier 2
83,41 87,41
Slime 2
72,45 75,45
Slime 2
73,57 76,57
Pike 315
51,49 88,34 64,47 73,51 43,55 77,51 86,34 55,35 77,81 61,58 58,46 77,63 87,85 80,57 85,57 79,84 82,88 54,43 44,61 76,51 77,84 63,35 74,63 79,63 49,54 49,39 74,51 62,52 50,54 49,60 53,37 61,40 50,49 42,55 45,64 64,37 66,40 89,88 40,59 87,83 84,85 78,63 43,50 77,78 45,62 62,64 77,80 43,49 88,57 53,49 77,85 52,64 60,40 56,64 49,49 65,66 63,47 82,57 49,42 68,43 67,62 86,57 80,88 52,43 75,81 61,53 53,50 61,55 64,38 68,65 54,64 66,52 67,38 66,43 52,40 87,84 86,88 59,37 61,47 45,66 73,63 43,48 53,51 49,63 84,57 43,61 49,61 52,34 49,41 64,43 85,34 43,47 67,36 54,49 76,73 55,64 43,45 49,38 53,54 56,49 82,34 70,51 49,40 59,65 71,63 61,54 76,88 83,57 61,48 52,32 87,82 86,86 76,81 77,76 59,63 59,64 62,43 74,83 77,87 87,34 75,87 59,62 89,89 65,40 53,52 40,56 67,43 52,41 52,44 61,35 58,43 64,62 86,85 82,83 65,52 53,43 61,42 67,33 52,42 85,85 58,37 61,49 83,85 43,54 79,86 87,88 42,61 60,62 49,43 81,57 75,51 53,40 66,48 49,44 43,53 77,88 59,66 74,81 57,40 66,49 74,84 43,51 61,36 66,51 59,43 52,45 54,37 57,49 58,32 64,40 43,52 78,51 79,51 66,50 82,84 75,63 58,44 67,34 56,40 64,36 62,35 64,35 89,85 65,43 55,40 52,37 51,64 60,43 67,32 58,34 52,54 54,40 63,43 76,63 66,62 77,77 59,40 45,63 40,57 63,62 41,61 65,64 74,82 76,75 70,63 61,57 81,34 87,57 49,47 41,55 43,40 61,62 43,46 67,37 49,48 57,46 81,88 40,60 60,49 65,62 71,51 75,88 77,86 58,45 76,74 56,46 50,37 72,63 53,64 59,49 40,55 67,35 61,41 80,34 79,87 88,88 51,37 49,59 62,63 82,85 43,44 56,37 77,79 58,49 63,52 77,75 89,57 69,65 43,43 45,65 67,39 58,40 49,37 62,47 52,49 78,81 40,58 55,36 72,51 49,45 78,84 65,47 49,46 86,87 88,85 49,62 50,64 61,37 40,61 67,40 55,49 61,52 49,64 60,37 65,65 57,37 53,53 61,56 79,81 64,39 84,34 45,61 61,43 43,41 51,54 76,72 79,85 55,37 62,62 83,34 52,33 58,33 89,34 66,47 43,42 80,45 81,45 82,45 83,45 84,45 85,45 86,45 87,45 88,45 89,45 70,39 71,39 72,39 73,39 74,39 75,39 76,39 77,39 78,39 79,39